;;[TIMESERIES]
;;Station ID Year Month Day Hour Minute Value
;;---- ---- -----
2-yr 2021 01 01 00 00 1.1
2-yr 2021 01 01 00 05 1.6
2-yr 2021 01 01 00 10 2.1
2-yr 2021 01 01 00 15 3.4
2-yr 2021 01 01 00 20 6.3
2-yr 2021 01 01 00 25 1.1
2-yr 2021 01 01 00 30 0.7
2-yr 2021 01 01 00 35 0.7
2-yr 2021 01 01 00 40 0.7
2-yr 2021 01 01 00 45 0.467
2-yr 2021 01 01 00 50 0.467
2-yr 2021 01 01 00 55 0.467
2-yr 2021 01 01 01 00 0.3
2-yr 2021 01 01 01 05 0.3
2-yr 2021 01 01 01 10 0.3
2-yr 2021 01 01 01 15 0.3
2-yr 2021 01 01 01 20 0.3
2-yr 2021 01 01 01 25 0.3 